max_ngram_word: 1
max_ngram_char: 5
C: 4.799958978385303e-05
loss: squared_hinge
tol: 1.304703318580338e-05
lowercase: true
