max_ngram_word: 5
max_ngram_char: 3
C: 9.508101251081476
loss: hinge
tol: 0.0001467686819669336
lowercase: false
