max_ngram_word: 2
max_ngram_char: 3
C: 6.792087199308755
loss: squared_hinge
tol: 0.005305476467652345
lowercase: true
