abnormal_subdomain: 0.0
avg_word_host: 0.00011375558224813176
avg_word_path: 0.0007898587796229984
avg_words_raw: 0.00011527687800081399
brand_in_path: 0.0
brand_in_subdomain: 0.0
char_repeat: 1.3993112982046973e-05
dns_record: 0.0
domain_age: 0.07946513561606115
domain_in_brand: 0.0
domain_in_title: 0.0
domain_registration_length: 0.024260784227386513
domain_with_copyright: 0.0
empty_title: 0.0
external_favicon: 0.0
google_index: 6.996556491023487e-05
http_in_path: 0.0
https_token: 0.0
iframe: 0.0
ip: 0.0
length_hostname: 0.0006700228604345603
length_url: 0.01562561080783772
length_words_raw: 0.00026767936721474597
links_in_tags: 0.014488701530318315
login_form: 0.0
longest_word_host: 0.000288327673123856
longest_word_path: 0.002133633605838403
longest_words_raw: 0.002114883532002543
nb_and: 0.0
nb_at: 0.0
nb_colon: 0.0
nb_com: 0.0
nb_comma: 0.0
nb_dollar: 0.0
nb_dots: 1.3993112982046973e-05
nb_dslash: 0.0
nb_eq: 0.0
nb_extCSS: -0.00012469634567158216
nb_external_redirection: 0.0
nb_hyperlinks: 0.08010046518689652
nb_hyphens: -1.3991396825974167e-05
nb_or: 0.0
nb_percent: 0.0
nb_qm: 0.0
nb_redirection: 0.0
nb_semicolumn: 0.0
nb_slash: 5.749593034307665e-05
nb_space: 0.0
nb_star: 0.0
nb_subdomains: 0.0
nb_tilde: 0.0
nb_underscore: 0.0
nb_www: 0.0
onmouseover: 0.0
page_rank: -5.624372210401018e-05
path_extension: 0.0
phish_hints: 0.0
popup_window: 0.0
port: 0.0
prefix_suffix: 0.0
punycode: 0.0
random_domain: 0.0
ratio_digits_host: 0.0
ratio_digits_url: 0.0
ratio_extErrors: 0.0
ratio_extHyperlinks: 0.0
ratio_extMedia: 0.005621509692896709
ratio_extRedirection: 0.0
ratio_intErrors: 0.0
ratio_intHyperlinks: 0.0
ratio_intMedia: 0.010590016274179936
ratio_intRedirection: 0.0
ratio_nullHyperlinks: 0.0
right_clic: 0.0
safe_anchor: 0.008922937352240113
sfh: 0.0
shortening_service: 0.0
shortest_word_host: 3.561094822617239e-05
shortest_word_path: 5.902295963008397e-05
shortest_words_raw: -1.3991396825974167e-05
statistical_report: 0.0
submit_email: 0.0
suspecious_tld: 0.0
tld_in_path: 0.0
tld_in_subdomain: 0.0
web_traffic: 0.00721500816522278
whois_registered_domain: 0.0
