abnormal_subdomain: 0.0
avg_word_host: 0.00012187690432658993
avg_word_path: 0.0007573779054583044
avg_words_raw: 7.834943849565068e-05
brand_in_path: 0.0
brand_in_subdomain: 0.0
char_repeat: 8.70549316618341e-06
dns_record: 0.0
domain_age: 0.07908940541481671
domain_in_brand: 0.0
domain_in_title: 0.0
domain_registration_length: 0.025219813702446206
domain_with_copyright: 0.0
empty_title: 0.0
external_favicon: 0.0
google_index: 6.964394532946728e-05
http_in_path: 0.0
https_token: 0.0
iframe: 0.0
ip: 0.0
length_hostname: 0.0006093845216330976
length_url: 0.01519979106816396
length_words_raw: 0.00024375380865321688
links_in_tags: 0.015095325150169706
login_form: 0.0
longest_word_host: 0.00029598676765032474
longest_word_path: 0.0021415513188821696
longest_words_raw: 0.0020893183598850395
nb_and: 0.0
nb_at: 0.0
nb_colon: 0.0
nb_com: 0.0
nb_comma: 0.0
nb_dollar: 0.0
nb_dots: 8.70549316618341e-06
nb_dslash: 0.0
nb_eq: 0.0
nb_extCSS: -0.00013058239749286216
nb_external_redirection: 0.0
nb_hyperlinks: 0.08104814137720898
nb_hyphens: -8.705493166190811e-06
nb_or: 0.0
nb_percent: 0.0
nb_qm: 0.0
nb_redirection: 0.0
nb_semicolumn: 0.0
nb_slash: 6.0938452163276464e-05
nb_space: 0.0
nb_star: 0.0
nb_subdomains: 0.0
nb_tilde: 0.0
nb_underscore: 0.0
nb_www: 0.0
onmouseover: 0.0
page_rank: -1.7410986332411228e-05
path_extension: 0.0
phish_hints: 0.0
popup_window: 0.0
port: 0.0
prefix_suffix: 0.0
punycode: 0.0
random_domain: 0.0
ratio_digits_host: 0.0
ratio_digits_url: 0.0
ratio_extErrors: 0.0
ratio_extHyperlinks: 0.0
ratio_extMedia: 0.005632454078523486
ratio_extRedirection: 0.0
ratio_intErrors: 0.0
ratio_intHyperlinks: 0.0
ratio_intMedia: 0.010960215896230478
ratio_intRedirection: 0.0
ratio_nullHyperlinks: 0.0
right_clic: 0.0
safe_anchor: 0.009375816139984283
sfh: 0.0
shortening_service: 0.0
shortest_word_host: 2.6116479498542826e-05
shortest_word_path: 5.223295899709305e-05
shortest_words_raw: -8.705493166190811e-06
statistical_report: 0.0
submit_email: 0.0
suspecious_tld: 0.0
tld_in_path: 0.0
tld_in_subdomain: 0.0
web_traffic: 0.006442064942978965
whois_registered_domain: 0.0
