test:
  accuracy: 0.943001060445387
  f1-score: 0.9428647355833113
  precision: 0.9426142401700319
  recall: 0.9431153641679958
train:
  accuracy: 0.9998694176025071
  f1-score: 0.9998696049028557
  precision: 0.9997392438070404
  recall: 1.0
