test:
  accuracy: 0.950424178154825
  f1-score: 0.9503847174316795
  precision: 0.9486228813559322
  recall: 0.9521531100478469
train:
  accuracy: 0.9986941760250718
  f1-score: 0.9986968986187125
  precision: 0.9979166666666667
  recall: 0.9994783515910276
