accuracy: 0.8777836691410392
f1-score: 0.8776863889625895
precision: 0.8760593220338984
recall: 0.8793195108984583
