accuracy: 0.929745493107105
f1-score: 0.9294649986691509
precision: 0.9307036247334755
recall: 0.9282296650717703
