test:
  accuracy: 0.9300106044538706
  f1-score: 0.9297872340425531
  precision: 0.9302820649281532
  recall: 0.9292929292929293
train:
  accuracy: 0.9988247584225647
  f1-score: 0.9988261379940002
  precision: 0.9989564309939994
  recall: 0.9986958789775692
