test:
  accuracy: 0.9284199363732768
  f1-score: 0.9279999999999999
  precision: 0.9309791332263242
  recall: 0.9250398724082934
train:
  accuracy: 0.9983024288325933
  f1-score: 0.9983022071307301
  precision: 0.999738425320429
  recall: 0.9968701095461658
