test:
  accuracy: 0.9435312831389183
  f1-score: 0.9412089428650289
  precision: 0.978760045924225
  recall: 0.9064327485380117
train:
  accuracy: 1.0
  f1-score: 1.0
  precision: 1.0
  recall: 1.0
