test:
  accuracy: 0.929745493107105
  f1-score: 0.9294649986691509
  precision: 0.9307036247334755
  recall: 0.9282296650717703
train:
  accuracy: 0.9989553408200574
  f1-score: 0.9989556135770236
  precision: 1.0
  recall: 0.9979134063641106
