accuracy: 0.9522799575821845
f1-score: 0.9522292993630573
precision: 0.9507154213036566
recall: 0.9537480063795853
