accuracy: 0.9308059384941676
f1-score: 0.9305296779345222
precision: 0.9317697228144989
recall: 0.9292929292929293
