accuracy: 0.7868504772004242
f1-score: 0.786624203821656
precision: 0.7853736089030207
recall: 0.7878787878787878
