accuracy: 0.7409862142099682
f1: 0.7693034238488784
fnr: 0.1339712918660287
fpr: 0.3833950290851401
log_loss: 0.5273149285389711
precision: 0.6920135938827527
recall: 0.8660287081339713
roc_auc: 0.8100607230140476
tnr: 0.6166049709148599
tpr: 0.8660287081339713
