accuracy: 0.9522799575821845
f1-score: 0.9521785334750266
precision: 0.9516728624535316
recall: 0.9526847421584264
