accuracy: 0.9506892895015907
f1-score: 0.9506107275624003
precision: 0.9496021220159151
recall: 0.9516214779372674
