test:
  accuracy: 0.9456521739130435
  f1-score: 0.9438202247191011
  precision: 0.9739819004524887
  recall: 0.9154704944178629
train:
  accuracy: 1.0
  f1-score: 1.0
  precision: 1.0
  recall: 1.0
