test:
  accuracy: 0.9456521739130435
  f1-score: 0.9451137884872824
  precision: 0.9519956850053938
  recall: 0.9383306751727805
train:
  accuracy: 0.9972577696526508
  f1-score: 0.9972545430775265
  precision: 0.999737876802097
  recall: 0.9947835159102765
